{
 "cells": [
  {
   "cell_type": "markdown",
   "metadata": {},
   "source": [
    "# Ch.6 차원 축소 (Dimension Reduction)"
   ]
  },
  {
   "cell_type": "code",
   "execution_count": 45,
   "metadata": {},
   "outputs": [],
   "source": [
    "import numpy as np\n",
    "import pandas as pd\n",
    "import warnings\n",
    "warnings.filterwarnings('ignore')"
   ]
  },
  {
   "cell_type": "code",
   "execution_count": 46,
   "metadata": {},
   "outputs": [],
   "source": [
    "import matplotlib.pyplot as plt\n",
    "import seaborn as sns\n",
    "%matplotlib inline"
   ]
  },
  {
   "cell_type": "code",
   "execution_count": 47,
   "metadata": {},
   "outputs": [],
   "source": [
    "from sklearn.datasets import load_iris\n",
    "iris = load_iris()"
   ]
  },
  {
   "cell_type": "markdown",
   "metadata": {},
   "source": [
    "### 공분산 행렬"
   ]
  },
  {
   "cell_type": "code",
   "execution_count": 48,
   "metadata": {},
   "outputs": [],
   "source": [
    "from sklearn.preprocessing import StandardScaler"
   ]
  },
  {
   "cell_type": "code",
   "execution_count": 49,
   "metadata": {},
   "outputs": [
    {
     "data": {
      "text/plain": [
       "array([[-0.90068117,  1.01900435, -1.34022653, -1.3154443 ],\n",
       "       [-1.14301691, -0.13197948, -1.34022653, -1.3154443 ],\n",
       "       [-1.38535265,  0.32841405, -1.39706395, -1.3154443 ]])"
      ]
     },
     "execution_count": 49,
     "metadata": {},
     "output_type": "execute_result"
    }
   ],
   "source": [
    "iris_std = StandardScaler().fit_transform(iris.data)\n",
    "iris_std[:3, :]"
   ]
  },
  {
   "cell_type": "code",
   "execution_count": 50,
   "metadata": {},
   "outputs": [
    {
     "data": {
      "text/plain": [
       "array([[ 1.        , -0.11756978,  0.87175378,  0.81794113],\n",
       "       [-0.11756978,  1.        , -0.4284401 , -0.36612593],\n",
       "       [ 0.87175378, -0.4284401 ,  1.        ,  0.96286543],\n",
       "       [ 0.81794113, -0.36612593,  0.96286543,  1.        ]])"
      ]
     },
     "execution_count": 50,
     "metadata": {},
     "output_type": "execute_result"
    }
   ],
   "source": [
    "iris_cov = np.dot(iris_std.T, iris_std) / len(iris_std)\n",
    "iris_cov"
   ]
  },
  {
   "cell_type": "code",
   "execution_count": 51,
   "metadata": {},
   "outputs": [
    {
     "data": {
      "text/plain": [
       "array([[ 1.00671141, -0.11835884,  0.87760447,  0.82343066],\n",
       "       [-0.11835884,  1.00671141, -0.43131554, -0.36858315],\n",
       "       [ 0.87760447, -0.43131554,  1.00671141,  0.96932762],\n",
       "       [ 0.82343066, -0.36858315,  0.96932762,  1.00671141]])"
      ]
     },
     "execution_count": 51,
     "metadata": {},
     "output_type": "execute_result"
    }
   ],
   "source": [
    "iris_cov1 = np.dot(iris_std.T, iris_std) / (len(iris_std)-1)\n",
    "iris_cov1"
   ]
  },
  {
   "cell_type": "code",
   "execution_count": 52,
   "metadata": {},
   "outputs": [
    {
     "data": {
      "text/plain": [
       "array([[ 1.00671141, -0.11835884,  0.87760447,  0.82343066],\n",
       "       [-0.11835884,  1.00671141, -0.43131554, -0.36858315],\n",
       "       [ 0.87760447, -0.43131554,  1.00671141,  0.96932762],\n",
       "       [ 0.82343066, -0.36858315,  0.96932762,  1.00671141]])"
      ]
     },
     "execution_count": 52,
     "metadata": {},
     "output_type": "execute_result"
    }
   ],
   "source": [
    "np.cov(iris_std.T)"
   ]
  },
  {
   "cell_type": "code",
   "execution_count": 61,
   "metadata": {},
   "outputs": [
    {
     "data": {
      "text/html": [
       "<div>\n",
       "<style scoped>\n",
       "    .dataframe tbody tr th:only-of-type {\n",
       "        vertical-align: middle;\n",
       "    }\n",
       "\n",
       "    .dataframe tbody tr th {\n",
       "        vertical-align: top;\n",
       "    }\n",
       "\n",
       "    .dataframe thead th {\n",
       "        text-align: right;\n",
       "    }\n",
       "</style>\n",
       "<table border=\"1\" class=\"dataframe\">\n",
       "  <thead>\n",
       "    <tr style=\"text-align: right;\">\n",
       "      <th></th>\n",
       "      <th>sepal_length</th>\n",
       "      <th>sepal_width</th>\n",
       "      <th>patal_length</th>\n",
       "      <th>petal_width</th>\n",
       "    </tr>\n",
       "  </thead>\n",
       "  <tbody>\n",
       "    <tr>\n",
       "      <th>0</th>\n",
       "      <td>5.1</td>\n",
       "      <td>3.5</td>\n",
       "      <td>1.4</td>\n",
       "      <td>0.2</td>\n",
       "    </tr>\n",
       "    <tr>\n",
       "      <th>1</th>\n",
       "      <td>4.9</td>\n",
       "      <td>3.0</td>\n",
       "      <td>1.4</td>\n",
       "      <td>0.2</td>\n",
       "    </tr>\n",
       "    <tr>\n",
       "      <th>2</th>\n",
       "      <td>4.7</td>\n",
       "      <td>3.2</td>\n",
       "      <td>1.3</td>\n",
       "      <td>0.2</td>\n",
       "    </tr>\n",
       "    <tr>\n",
       "      <th>3</th>\n",
       "      <td>4.6</td>\n",
       "      <td>3.1</td>\n",
       "      <td>1.5</td>\n",
       "      <td>0.2</td>\n",
       "    </tr>\n",
       "    <tr>\n",
       "      <th>4</th>\n",
       "      <td>5.0</td>\n",
       "      <td>3.6</td>\n",
       "      <td>1.4</td>\n",
       "      <td>0.2</td>\n",
       "    </tr>\n",
       "    <tr>\n",
       "      <th>...</th>\n",
       "      <td>...</td>\n",
       "      <td>...</td>\n",
       "      <td>...</td>\n",
       "      <td>...</td>\n",
       "    </tr>\n",
       "    <tr>\n",
       "      <th>145</th>\n",
       "      <td>6.7</td>\n",
       "      <td>3.0</td>\n",
       "      <td>5.2</td>\n",
       "      <td>2.3</td>\n",
       "    </tr>\n",
       "    <tr>\n",
       "      <th>146</th>\n",
       "      <td>6.3</td>\n",
       "      <td>2.5</td>\n",
       "      <td>5.0</td>\n",
       "      <td>1.9</td>\n",
       "    </tr>\n",
       "    <tr>\n",
       "      <th>147</th>\n",
       "      <td>6.5</td>\n",
       "      <td>3.0</td>\n",
       "      <td>5.2</td>\n",
       "      <td>2.0</td>\n",
       "    </tr>\n",
       "    <tr>\n",
       "      <th>148</th>\n",
       "      <td>6.2</td>\n",
       "      <td>3.4</td>\n",
       "      <td>5.4</td>\n",
       "      <td>2.3</td>\n",
       "    </tr>\n",
       "    <tr>\n",
       "      <th>149</th>\n",
       "      <td>5.9</td>\n",
       "      <td>3.0</td>\n",
       "      <td>5.1</td>\n",
       "      <td>1.8</td>\n",
       "    </tr>\n",
       "  </tbody>\n",
       "</table>\n",
       "<p>150 rows × 4 columns</p>\n",
       "</div>"
      ],
      "text/plain": [
       "     sepal_length  sepal_width  patal_length  petal_width\n",
       "0             5.1          3.5           1.4          0.2\n",
       "1             4.9          3.0           1.4          0.2\n",
       "2             4.7          3.2           1.3          0.2\n",
       "3             4.6          3.1           1.5          0.2\n",
       "4             5.0          3.6           1.4          0.2\n",
       "..            ...          ...           ...          ...\n",
       "145           6.7          3.0           5.2          2.3\n",
       "146           6.3          2.5           5.0          1.9\n",
       "147           6.5          3.0           5.2          2.0\n",
       "148           6.2          3.4           5.4          2.3\n",
       "149           5.9          3.0           5.1          1.8\n",
       "\n",
       "[150 rows x 4 columns]"
      ]
     },
     "execution_count": 61,
     "metadata": {},
     "output_type": "execute_result"
    }
   ],
   "source": [
    "irisDF_1 = pd.DataFrame(iris.data, columns=columns)\n",
    "irisDF_1"
   ]
  },
  {
   "cell_type": "code",
   "execution_count": 64,
   "metadata": {},
   "outputs": [
    {
     "data": {
      "text/html": [
       "<div>\n",
       "<style scoped>\n",
       "    .dataframe tbody tr th:only-of-type {\n",
       "        vertical-align: middle;\n",
       "    }\n",
       "\n",
       "    .dataframe tbody tr th {\n",
       "        vertical-align: top;\n",
       "    }\n",
       "\n",
       "    .dataframe thead th {\n",
       "        text-align: right;\n",
       "    }\n",
       "</style>\n",
       "<table border=\"1\" class=\"dataframe\">\n",
       "  <thead>\n",
       "    <tr style=\"text-align: right;\">\n",
       "      <th></th>\n",
       "      <th>sepal_length</th>\n",
       "      <th>sepal_width</th>\n",
       "      <th>patal_length</th>\n",
       "      <th>petal_width</th>\n",
       "    </tr>\n",
       "  </thead>\n",
       "  <tbody>\n",
       "    <tr>\n",
       "      <th>sepal_length</th>\n",
       "      <td>1.000000</td>\n",
       "      <td>-0.117570</td>\n",
       "      <td>0.871754</td>\n",
       "      <td>0.817941</td>\n",
       "    </tr>\n",
       "    <tr>\n",
       "      <th>sepal_width</th>\n",
       "      <td>-0.117570</td>\n",
       "      <td>1.000000</td>\n",
       "      <td>-0.428440</td>\n",
       "      <td>-0.366126</td>\n",
       "    </tr>\n",
       "    <tr>\n",
       "      <th>patal_length</th>\n",
       "      <td>0.871754</td>\n",
       "      <td>-0.428440</td>\n",
       "      <td>1.000000</td>\n",
       "      <td>0.962865</td>\n",
       "    </tr>\n",
       "    <tr>\n",
       "      <th>petal_width</th>\n",
       "      <td>0.817941</td>\n",
       "      <td>-0.366126</td>\n",
       "      <td>0.962865</td>\n",
       "      <td>1.000000</td>\n",
       "    </tr>\n",
       "  </tbody>\n",
       "</table>\n",
       "</div>"
      ],
      "text/plain": [
       "              sepal_length  sepal_width  patal_length  petal_width\n",
       "sepal_length      1.000000    -0.117570      0.871754     0.817941\n",
       "sepal_width      -0.117570     1.000000     -0.428440    -0.366126\n",
       "patal_length      0.871754    -0.428440      1.000000     0.962865\n",
       "petal_width       0.817941    -0.366126      0.962865     1.000000"
      ]
     },
     "execution_count": 64,
     "metadata": {},
     "output_type": "execute_result"
    }
   ],
   "source": [
    "iris_crr = irisDF_1.corr()\n",
    "iris_crr"
   ]
  },
  {
   "cell_type": "code",
   "execution_count": 65,
   "metadata": {},
   "outputs": [],
   "source": [
    "eig_va, eig_ve = np.linalg.eig(iris_crr)"
   ]
  },
  {
   "cell_type": "code",
   "execution_count": 66,
   "metadata": {},
   "outputs": [
    {
     "data": {
      "text/plain": [
       "array([2.91849782, 0.91403047, 0.14675688, 0.02071484])"
      ]
     },
     "execution_count": 66,
     "metadata": {},
     "output_type": "execute_result"
    }
   ],
   "source": [
    "eig_va"
   ]
  },
  {
   "cell_type": "code",
   "execution_count": 67,
   "metadata": {},
   "outputs": [
    {
     "data": {
      "text/plain": [
       "array([[ 0.52106591, -0.37741762, -0.71956635,  0.26128628],\n",
       "       [-0.26934744, -0.92329566,  0.24438178, -0.12350962],\n",
       "       [ 0.5804131 , -0.02449161,  0.14212637, -0.80144925],\n",
       "       [ 0.56485654, -0.06694199,  0.63427274,  0.52359713]])"
      ]
     },
     "execution_count": 67,
     "metadata": {},
     "output_type": "execute_result"
    }
   ],
   "source": [
    "eig_ve"
   ]
  },
  {
   "cell_type": "code",
   "execution_count": 94,
   "metadata": {},
   "outputs": [],
   "source": [
    "PC1 = iris_std.dot(np.reshape(eig_ve.T[0], (4, 1)))\n",
    "PC2 = iris_std.dot(np.reshape(eig_ve.T[1], (4, 1)))"
   ]
  },
  {
   "cell_type": "code",
   "execution_count": 95,
   "metadata": {},
   "outputs": [
    {
     "data": {
      "text/plain": [
       "array([[-0.4800266 ],\n",
       "       [ 0.67413356],\n",
       "       [ 0.34190802]])"
      ]
     },
     "execution_count": 95,
     "metadata": {},
     "output_type": "execute_result"
    }
   ],
   "source": [
    "PC2[:3]"
   ]
  },
  {
   "cell_type": "markdown",
   "metadata": {},
   "source": [
    "### 고유벡터(eigenvecter), 고유값(eigenvalue) 구하기"
   ]
  },
  {
   "cell_type": "code",
   "execution_count": 83,
   "metadata": {},
   "outputs": [],
   "source": [
    "eig_vals, eig_vecs = np.linalg.eig(iris_cov)"
   ]
  },
  {
   "cell_type": "code",
   "execution_count": 84,
   "metadata": {},
   "outputs": [
    {
     "data": {
      "text/plain": [
       "array([2.91849782, 0.91403047, 0.14675688, 0.02071484])"
      ]
     },
     "execution_count": 84,
     "metadata": {},
     "output_type": "execute_result"
    }
   ],
   "source": [
    "eig_vals"
   ]
  },
  {
   "cell_type": "code",
   "execution_count": 85,
   "metadata": {},
   "outputs": [
    {
     "data": {
      "text/plain": [
       "array([[ 0.52106591, -0.37741762, -0.71956635,  0.26128628],\n",
       "       [-0.26934744, -0.92329566,  0.24438178, -0.12350962],\n",
       "       [ 0.5804131 , -0.02449161,  0.14212637, -0.80144925],\n",
       "       [ 0.56485654, -0.06694199,  0.63427274,  0.52359713]])"
      ]
     },
     "execution_count": 85,
     "metadata": {},
     "output_type": "execute_result"
    }
   ],
   "source": [
    "eig_vecs"
   ]
  },
  {
   "cell_type": "code",
   "execution_count": 86,
   "metadata": {},
   "outputs": [],
   "source": [
    "eig_vals1, eig_vecs1 = np.linalg.eig(iris_cov1)"
   ]
  },
  {
   "cell_type": "code",
   "execution_count": 87,
   "metadata": {},
   "outputs": [
    {
     "data": {
      "text/plain": [
       "array([2.93808505, 0.9201649 , 0.14774182, 0.02085386])"
      ]
     },
     "execution_count": 87,
     "metadata": {},
     "output_type": "execute_result"
    }
   ],
   "source": [
    "eig_vals1"
   ]
  },
  {
   "cell_type": "code",
   "execution_count": 88,
   "metadata": {},
   "outputs": [
    {
     "data": {
      "text/plain": [
       "array([[ 0.52106591, -0.37741762, -0.71956635,  0.26128628],\n",
       "       [-0.26934744, -0.92329566,  0.24438178, -0.12350962],\n",
       "       [ 0.5804131 , -0.02449161,  0.14212637, -0.80144925],\n",
       "       [ 0.56485654, -0.06694199,  0.63427274,  0.52359713]])"
      ]
     },
     "execution_count": 88,
     "metadata": {},
     "output_type": "execute_result"
    }
   ],
   "source": [
    "eig_vecs1"
   ]
  },
  {
   "cell_type": "code",
   "execution_count": 89,
   "metadata": {},
   "outputs": [],
   "source": [
    "PC1 = iris_std.dot(np.reshape(eig_vecs1.T[0], (4, 1)))\n",
    "PC2 = iris_std.dot(np.reshape(eig_vecs1.T[1], (4, 1)))"
   ]
  },
  {
   "cell_type": "code",
   "execution_count": 76,
   "metadata": {},
   "outputs": [
    {
     "data": {
      "text/plain": [
       "array([[-2.26470281],\n",
       "       [-2.08096115],\n",
       "       [-2.36422905]])"
      ]
     },
     "execution_count": 76,
     "metadata": {},
     "output_type": "execute_result"
    }
   ],
   "source": [
    "PC1[:3]"
   ]
  },
  {
   "cell_type": "code",
   "execution_count": 77,
   "metadata": {},
   "outputs": [
    {
     "data": {
      "text/plain": [
       "array([[-0.4800266 ],\n",
       "       [ 0.67413356],\n",
       "       [ 0.34190802]])"
      ]
     },
     "execution_count": 77,
     "metadata": {},
     "output_type": "execute_result"
    }
   ],
   "source": [
    "PC2[:3]"
   ]
  },
  {
   "cell_type": "code",
   "execution_count": 19,
   "metadata": {},
   "outputs": [],
   "source": [
    "from sklearn.decomposition import PCA"
   ]
  },
  {
   "cell_type": "code",
   "execution_count": 20,
   "metadata": {},
   "outputs": [],
   "source": [
    "pca = PCA(n_components=2)"
   ]
  },
  {
   "cell_type": "code",
   "execution_count": 21,
   "metadata": {},
   "outputs": [
    {
     "name": "stdout",
     "output_type": "stream",
     "text": [
      "(150, 2)\n"
     ]
    }
   ],
   "source": [
    "pca.fit(iris_std)\n",
    "iris_pca = pca.transform(iris_std)\n",
    "print(iris_pca.shape)"
   ]
  },
  {
   "cell_type": "code",
   "execution_count": 74,
   "metadata": {},
   "outputs": [
    {
     "data": {
      "text/plain": [
       "array([[-2.26470281,  0.4800266 ],\n",
       "       [-2.08096115, -0.67413356],\n",
       "       [-2.36422905, -0.34190802],\n",
       "       [-2.29938422, -0.59739451],\n",
       "       [-2.38984217,  0.64683538],\n",
       "       [-2.07563095,  1.48917752],\n",
       "       [-2.44402884,  0.0476442 ],\n",
       "       [-2.23284716,  0.22314807],\n",
       "       [-2.33464048, -1.11532768],\n",
       "       [-2.18432817, -0.46901356],\n",
       "       [-2.1663101 ,  1.04369065],\n",
       "       [-2.32613087,  0.13307834],\n",
       "       [-2.2184509 , -0.72867617],\n",
       "       [-2.6331007 , -0.96150673],\n",
       "       [-2.1987406 ,  1.86005711],\n",
       "       [-2.26221453,  2.68628449],\n",
       "       [-2.2075877 ,  1.48360936],\n",
       "       [-2.19034951,  0.48883832],\n",
       "       [-1.898572  ,  1.40501879],\n",
       "       [-2.34336905,  1.12784938],\n",
       "       [-1.914323  ,  0.40885571],\n",
       "       [-2.20701284,  0.92412143],\n",
       "       [-2.7743447 ,  0.45834367],\n",
       "       [-1.81866953,  0.08555853],\n",
       "       [-2.22716331,  0.13725446],\n",
       "       [-1.95184633, -0.62561859],\n",
       "       [-2.05115137,  0.24216355],\n",
       "       [-2.16857717,  0.52714953],\n",
       "       [-2.13956345,  0.31321781],\n",
       "       [-2.26526149, -0.3377319 ],\n",
       "       [-2.14012214, -0.50454069],\n",
       "       [-1.83159477,  0.42369507],\n",
       "       [-2.61494794,  1.79357586],\n",
       "       [-2.44617739,  2.15072788],\n",
       "       [-2.10997488, -0.46020184],\n",
       "       [-2.2078089 , -0.2061074 ],\n",
       "       [-2.04514621,  0.66155811],\n",
       "       [-2.52733191,  0.59229277],\n",
       "       [-2.42963258, -0.90418004],\n",
       "       [-2.16971071,  0.26887896],\n",
       "       [-2.28647514,  0.44171539],\n",
       "       [-1.85812246, -2.33741516],\n",
       "       [-2.5536384 , -0.47910069],\n",
       "       [-1.96444768,  0.47232667],\n",
       "       [-2.13705901,  1.14222926],\n",
       "       [-2.0697443 , -0.71105273],\n",
       "       [-2.38473317,  1.1204297 ],\n",
       "       [-2.39437631, -0.38624687],\n",
       "       [-2.22944655,  0.99795976],\n",
       "       [-2.20383344,  0.00921636],\n",
       "       [ 1.10178118,  0.86297242],\n",
       "       [ 0.73133743,  0.59461473],\n",
       "       [ 1.24097932,  0.61629765],\n",
       "       [ 0.40748306, -1.75440399],\n",
       "       [ 1.0754747 , -0.20842105],\n",
       "       [ 0.38868734, -0.59328364],\n",
       "       [ 0.74652974,  0.77301931],\n",
       "       [-0.48732274, -1.85242909],\n",
       "       [ 0.92790164,  0.03222608],\n",
       "       [ 0.01142619, -1.03401828],\n",
       "       [-0.11019628, -2.65407282],\n",
       "       [ 0.44069345, -0.06329519],\n",
       "       [ 0.56210831, -1.76472438],\n",
       "       [ 0.71956189, -0.18622461],\n",
       "       [-0.0333547 , -0.43900321],\n",
       "       [ 0.87540719,  0.50906396],\n",
       "       [ 0.35025167, -0.19631173],\n",
       "       [ 0.15881005, -0.79209574],\n",
       "       [ 1.22509363, -1.6222438 ],\n",
       "       [ 0.1649179 , -1.30260923],\n",
       "       [ 0.73768265,  0.39657156],\n",
       "       [ 0.47628719, -0.41732028],\n",
       "       [ 1.2341781 , -0.93332573],\n",
       "       [ 0.6328582 , -0.41638772],\n",
       "       [ 0.70266118, -0.06341182],\n",
       "       [ 0.87427365,  0.25079339],\n",
       "       [ 1.25650912, -0.07725602],\n",
       "       [ 1.35840512,  0.33131168],\n",
       "       [ 0.66480037, -0.22592785],\n",
       "       [-0.04025861, -1.05871855],\n",
       "       [ 0.13079518, -1.56227183],\n",
       "       [ 0.02345269, -1.57247559],\n",
       "       [ 0.24153827, -0.77725638],\n",
       "       [ 1.06109461, -0.63384324],\n",
       "       [ 0.22397877, -0.28777351],\n",
       "       [ 0.42913912,  0.84558224],\n",
       "       [ 1.04872805,  0.5220518 ],\n",
       "       [ 1.04453138, -1.38298872],\n",
       "       [ 0.06958832, -0.21950333],\n",
       "       [ 0.28347724, -1.32932464],\n",
       "       [ 0.27907778, -1.12002852],\n",
       "       [ 0.62456979,  0.02492303],\n",
       "       [ 0.33653037, -0.98840402],\n",
       "       [-0.36218338, -2.01923787],\n",
       "       [ 0.28858624, -0.85573032],\n",
       "       [ 0.09136066, -0.18119213],\n",
       "       [ 0.22771687, -0.38492008],\n",
       "       [ 0.57638829, -0.1548736 ],\n",
       "       [-0.44766702, -1.54379203],\n",
       "       [ 0.25673059, -0.5988518 ],\n",
       "       [ 1.84456887,  0.87042131],\n",
       "       [ 1.15788161, -0.69886986],\n",
       "       [ 2.20526679,  0.56201048],\n",
       "       [ 1.44015066, -0.04698759],\n",
       "       [ 1.86781222,  0.29504482],\n",
       "       [ 2.75187334,  0.8004092 ],\n",
       "       [ 0.36701769, -1.56150289],\n",
       "       [ 2.30243944,  0.42006558],\n",
       "       [ 2.00668647, -0.71143865],\n",
       "       [ 2.25977735,  1.92101038],\n",
       "       [ 1.36417549,  0.69275645],\n",
       "       [ 1.60267867, -0.42170045],\n",
       "       [ 1.8839007 ,  0.41924965],\n",
       "       [ 1.2601151 , -1.16226042],\n",
       "       [ 1.4676452 , -0.44227159],\n",
       "       [ 1.59007732,  0.67624481],\n",
       "       [ 1.47143146,  0.25562182],\n",
       "       [ 2.42632899,  2.55666125],\n",
       "       [ 3.31069558,  0.01778095],\n",
       "       [ 1.26376667, -1.70674538],\n",
       "       [ 2.0377163 ,  0.91046741],\n",
       "       [ 0.97798073, -0.57176432],\n",
       "       [ 2.89765149,  0.41364106],\n",
       "       [ 1.33323218, -0.48181122],\n",
       "       [ 1.7007339 ,  1.01392187],\n",
       "       [ 1.95432671,  1.0077776 ],\n",
       "       [ 1.17510363, -0.31639447],\n",
       "       [ 1.02095055,  0.06434603],\n",
       "       [ 1.78834992, -0.18736121],\n",
       "       [ 1.86364755,  0.56229073],\n",
       "       [ 2.43595373,  0.25928443],\n",
       "       [ 2.30492772,  2.62632347],\n",
       "       [ 1.86270322, -0.17854949],\n",
       "       [ 1.11414774, -0.29292262],\n",
       "       [ 1.2024733 , -0.81131527],\n",
       "       [ 2.79877045,  0.85680333],\n",
       "       [ 1.57625591,  1.06858111],\n",
       "       [ 1.3462921 ,  0.42243061],\n",
       "       [ 0.92482492,  0.0172231 ],\n",
       "       [ 1.85204505,  0.67612817],\n",
       "       [ 2.01481043,  0.61388564],\n",
       "       [ 1.90178409,  0.68957549],\n",
       "       [ 1.15788161, -0.69886986],\n",
       "       [ 2.04055823,  0.8675206 ],\n",
       "       [ 1.9981471 ,  1.04916875],\n",
       "       [ 1.87050329,  0.38696608],\n",
       "       [ 1.56458048, -0.89668681],\n",
       "       [ 1.5211705 ,  0.26906914],\n",
       "       [ 1.37278779,  1.01125442],\n",
       "       [ 0.96065603, -0.02433167]])"
      ]
     },
     "execution_count": 74,
     "metadata": {},
     "output_type": "execute_result"
    }
   ],
   "source": [
    "iris_pca"
   ]
  },
  {
   "cell_type": "markdown",
   "metadata": {},
   "source": [
    "### 6.2 PCA(Principal Component Analysis)"
   ]
  },
  {
   "cell_type": "code",
   "execution_count": 33,
   "metadata": {},
   "outputs": [
    {
     "data": {
      "text/html": [
       "<div>\n",
       "<style scoped>\n",
       "    .dataframe tbody tr th:only-of-type {\n",
       "        vertical-align: middle;\n",
       "    }\n",
       "\n",
       "    .dataframe tbody tr th {\n",
       "        vertical-align: top;\n",
       "    }\n",
       "\n",
       "    .dataframe thead th {\n",
       "        text-align: right;\n",
       "    }\n",
       "</style>\n",
       "<table border=\"1\" class=\"dataframe\">\n",
       "  <thead>\n",
       "    <tr style=\"text-align: right;\">\n",
       "      <th></th>\n",
       "      <th>sepal_length</th>\n",
       "      <th>sepal_width</th>\n",
       "      <th>patal_length</th>\n",
       "      <th>petal_width</th>\n",
       "      <th>target</th>\n",
       "    </tr>\n",
       "  </thead>\n",
       "  <tbody>\n",
       "    <tr>\n",
       "      <th>0</th>\n",
       "      <td>5.1</td>\n",
       "      <td>3.5</td>\n",
       "      <td>1.4</td>\n",
       "      <td>0.2</td>\n",
       "      <td>0</td>\n",
       "    </tr>\n",
       "    <tr>\n",
       "      <th>1</th>\n",
       "      <td>4.9</td>\n",
       "      <td>3.0</td>\n",
       "      <td>1.4</td>\n",
       "      <td>0.2</td>\n",
       "      <td>0</td>\n",
       "    </tr>\n",
       "    <tr>\n",
       "      <th>2</th>\n",
       "      <td>4.7</td>\n",
       "      <td>3.2</td>\n",
       "      <td>1.3</td>\n",
       "      <td>0.2</td>\n",
       "      <td>0</td>\n",
       "    </tr>\n",
       "    <tr>\n",
       "      <th>3</th>\n",
       "      <td>4.6</td>\n",
       "      <td>3.1</td>\n",
       "      <td>1.5</td>\n",
       "      <td>0.2</td>\n",
       "      <td>0</td>\n",
       "    </tr>\n",
       "    <tr>\n",
       "      <th>4</th>\n",
       "      <td>5.0</td>\n",
       "      <td>3.6</td>\n",
       "      <td>1.4</td>\n",
       "      <td>0.2</td>\n",
       "      <td>0</td>\n",
       "    </tr>\n",
       "  </tbody>\n",
       "</table>\n",
       "</div>"
      ],
      "text/plain": [
       "   sepal_length  sepal_width  patal_length  petal_width  target\n",
       "0           5.1          3.5           1.4          0.2       0\n",
       "1           4.9          3.0           1.4          0.2       0\n",
       "2           4.7          3.2           1.3          0.2       0\n",
       "3           4.6          3.1           1.5          0.2       0\n",
       "4           5.0          3.6           1.4          0.2       0"
      ]
     },
     "execution_count": 33,
     "metadata": {},
     "output_type": "execute_result"
    }
   ],
   "source": [
    "columns = ['sepal_length', 'sepal_width', 'patal_length', 'petal_width']\n",
    "irisDF = pd.DataFrame(iris.data, columns=columns)\n",
    "irisDF['target'] = iris.target\n",
    "irisDF.head()"
   ]
  },
  {
   "cell_type": "code",
   "execution_count": 35,
   "metadata": {},
   "outputs": [
    {
     "data": {
